0
0.002
0.004
0.006
0.008
0.01
0.012
0.014
0.016
0.018
0.02
0.022
0.024
0.026
0.028
0.03
0.032
0.034
0.036
0.038
0.04
0.042
0.044
0.046
0.048
0.05
0.052
0.054
0.056
0.058
0.06
0.062
0.064
0.066
0.068
0.07
0.0720000000000001
0.0740000000000001
0.0760000000000001
0.0780000000000001
0.0800000000000001
0.0820000000000001
0.0840000000000001
0.0860000000000001
0.0880000000000001
0.0900000000000001
0.0920000000000001
0.0940000000000001
0.0960000000000001
0.0980000000000001
0.1
0.102
0.104
0.106
0.108
0.11
0.112
0.114
0.116
0.118
0.12
0.122
0.124
0.126
0.128
0.13
0.132
0.134
0.136
0.138
0.14
0.142
0.144
0.146
0.148
0.15
0.152
0.154
0.156
0.158
0.16
0.162
0.164
0.166
0.168
0.17
0.172
0.174
0.176
0.178
0.18
0.182
0.184
0.186
0.188
0.19
0.192
0.194
0.196
0.198
0.2
0.202
0.204
0.206
0.208
0.21
0.212
0.214
0.216
0.218
0.22
0.222
0.224
0.226
0.228
0.23
0.232
0.234
0.236
0.238
0.24
0.242
0.244
0.246
0.248
0.25
0.252
0.254
0.256
0.258
0.26
0.262
0.264
0.266
0.268
0.27
0.272
0.274
0.276
0.278
0.28
0.282
0.284
0.286
0.288
0.29
0.292
0.294
0.296
0.298
0.3
0.302
0.304
0.306
0.308
0.31
0.312
0.314
0.316
0.318
0.32
0.322
0.324
0.326
0.328
0.33
0.332
0.334
0.336
0.338
0.34
0.342
0.344
0.346
0.348
0.35
0.352
0.354
0.356
0.358
0.36
0.362
0.364
0.366
0.368
0.37
0.372
0.374
0.376
0.378
0.38
0.382
0.384
0.386
0.388
0.39
0.392
0.394
0.396
0.398
0.4
0.402
0.404
0.406
0.408
0.41
0.412
0.414
0.416
0.418
0.42
0.422
0.424
0.426
0.428
0.43
0.432
0.434
0.436
0.438
0.44
0.442
0.444
0.446
0.448
0.45
0.452
0.454
0.456
0.458
0.46
0.462
0.464
0.466
0.468
0.47
0.472
0.474
0.476
0.478
0.48
0.482
0.484
0.486
0.488
0.49
0.492
0.494
0.496
0.498
0.5
0.502
0.504
0.506
0.508
0.51
0.512
0.514
0.516
0.518
0.52
0.522
0.524
0.526
0.528
0.53
0.532
0.534
0.536
0.538
0.54
0.542
0.544
0.546
0.548
0.55
0.552
0.554
0.556
0.558
0.56
0.562
0.564
0.566
0.568
0.57
0.572
0.574
0.576
0.578
0.58
0.582
0.584
0.586
0.588
0.59
0.592
0.594
0.596
0.598
0.6
0.602
0.604
0.606
0.608
0.61
0.612
0.614
0.616
0.618
0.62
0.622
0.624
0.626
0.628
0.63
0.632
0.634
0.636
0.638
0.64
0.642
0.644
0.646
0.648
0.65
0.652
0.654
0.656
0.658
0.66
0.662
0.664
0.666
0.668
0.67
0.672
0.674
0.676
0.678
0.68
0.682
0.684
0.686
0.688000000000001
0.690000000000001
0.692000000000001
0.694000000000001
0.696000000000001
0.698000000000001
0.700000000000001
0.702000000000001
0.704000000000001
0.706000000000001
0.708000000000001
0.710000000000001
0.712000000000001
0.714000000000001
0.716000000000001
0.718000000000001
0.720000000000001
0.722000000000001
0.724000000000001
0.726000000000001
0.728000000000001
0.730000000000001
0.732000000000001
0.734000000000001
0.736000000000001
0.738000000000001
0.740000000000001
0.742000000000001
0.744000000000001
0.746000000000001
0.748000000000001
0.750000000000001
0.752000000000001
0.754000000000001
0.756000000000001
0.758000000000001
0.760000000000001
0.762000000000001
0.764000000000001
0.766000000000001
0.768000000000001
0.770000000000001
0.772000000000001
0.774000000000001
0.776000000000001
0.778000000000001
0.780000000000001
0.782000000000001
0.784000000000001
0.786000000000001
0.788000000000001
0.790000000000001
0.792000000000001
0.794000000000001
0.796000000000001
0.798000000000001
0.800000000000001
0.802000000000001
0.804000000000001
0.806000000000001
0.808000000000001
0.810000000000001
0.812000000000001
0.814000000000001
0.816000000000001
0.818000000000001
0.820000000000001
0.822000000000001
0.824000000000001
0.826000000000001
0.828000000000001
0.830000000000001
0.832000000000001
0.834000000000001
0.836000000000001
0.838000000000001
0.840000000000001
0.842000000000001
0.844000000000001
0.846000000000001
0.848000000000001
0.850000000000001
0.852000000000001
0.854000000000001
0.856000000000001
0.858000000000001
0.860000000000001
0.862000000000001
0.864000000000001
0.866000000000001
0.868000000000001
0.870000000000001
0.872000000000001
0.874000000000001
0.876000000000001
0.878000000000001
0.880000000000001
0.882000000000001
0.884000000000001
0.886000000000001
0.888000000000001
0.890000000000001
0.892000000000001
0.894000000000001
0.896000000000001
0.898000000000001
0.900000000000001
0.902000000000001
0.904000000000001
0.906000000000001
0.908000000000001
0.910000000000001
0.912000000000001
0.914000000000001
0.916000000000001
0.918000000000001
0.920000000000001
0.922000000000001
0.924000000000001
0.926000000000001
0.928000000000001
0.930000000000001
0.932000000000001
0.934000000000001
0.936000000000001
0.938000000000001
0.940000000000001
0.942000000000001
0.944000000000001
0.946000000000001
0.948000000000001
0.950000000000001
0.952000000000001
0.954000000000001
0.956000000000001
0.958000000000001
0.960000000000001
0.962000000000001
0.964000000000001
0.966000000000001
0.968000000000001
0.970000000000001
0.972000000000001
0.974000000000001
0.976000000000001
0.978000000000001
0.980000000000001
0.982000000000001
0.984000000000001
0.986000000000001
0.988000000000001
0.990000000000001
0.992000000000001
0.994000000000001
0.996000000000001
0.998000000000001
1
1.002
1.004
1.006
1.008
1.01
1.012
1.014
1.016
1.018
1.02
1.022
1.024
1.026
1.028
1.03
1.032
1.034
1.036
1.038
1.04
1.042
1.044
1.046
1.048
1.05
1.052
1.054
1.056
1.058
1.06
1.062
1.064
1.066
1.068
1.07
1.072
1.074
1.076
1.078
1.08
1.082
1.084
1.086
1.088
1.09
1.092
1.094
1.096
1.098
1.1
1.102
1.104
1.106
1.108
1.11
1.112
1.114
1.116
1.118
1.12
1.122
1.124
1.126
1.128
1.13
1.132
1.134
1.136
1.138
1.14
1.142
1.144
1.146
1.148
1.15
1.152
1.154
1.156
1.158
1.16
1.162
1.164
1.166
1.168
1.17
1.172
1.174
1.176
1.178
1.18
1.182
1.184
1.186
1.188
1.19
1.192
1.194
1.196
1.198
1.2
1.202
1.204
1.206
1.208
1.21
1.212
1.214
1.216
1.218
1.22
1.222
1.224
1.226
1.228
1.23
1.232
1.234
1.236
1.238
1.24
1.242
1.244
1.246
1.248
1.25
1.252
1.254
1.256
1.258
1.26
1.262
1.264
1.266
1.268
1.27
1.272
1.274
1.276
1.278
1.28
1.282
1.284
1.286
1.288
1.29
1.292
1.294
1.296
1.298
1.3
1.302
1.304
1.306
1.308
1.31
1.312
1.314
1.316
1.318
1.32
1.322
1.324
1.326
1.328
1.33
1.332
1.334
1.336
1.338
1.34
1.342
1.344
1.346
1.348
1.35
1.352
1.354
1.356
1.358
1.36
1.362
1.364
1.366
1.368
1.37
1.372
1.374
1.376
1.378
1.38
1.382
1.384
1.386
1.388
1.39
1.392
1.394
1.396
1.398
1.4
1.402
1.404
1.406
1.408
1.41
1.412
1.414
1.416
1.418
1.42
1.422
1.424
1.426
1.428
1.43
1.432
1.434
1.436
1.438
1.44
1.442
1.444
1.446
1.448
1.45
1.452
1.454
1.456
1.458
1.46
1.462
1.464
1.466
1.468
1.47
1.472
1.474
1.476
1.478
1.48
1.482
1.484
1.486
1.488
1.49
1.492
1.494
1.496
1.498
1.5
1.502
1.504
1.506
1.508
1.51
1.512
1.514
1.516
1.518
1.52
1.522
1.524
1.526
1.528
1.53
1.532
1.534
1.536
1.538
1.54
1.542
1.544
1.546
1.548
1.55
1.552
1.554
1.556
1.558
1.56
1.562
1.564
1.566
1.568
1.57
1.572
1.574
1.576
1.578
1.58
1.582
1.584
1.586
1.588
1.59
1.592
1.594
1.596
1.598
1.6
1.602
1.604
1.606
1.608
1.61
1.612
1.614
1.616
1.618
1.62
1.622
1.624
1.626
1.628
1.63
1.632
1.634
1.636
1.638
1.64
1.642
1.644
1.646
1.648
1.65
1.652
1.654
1.656
1.658
1.66
1.662
1.664
1.666
1.668
1.67
1.672
1.674
1.676
1.678
1.68
1.682
1.684
1.686
1.688
1.69
1.692
1.694
1.696
1.698
1.7
1.702
1.704
1.706
1.708
1.71
1.712
1.714
1.716
1.718
1.72
1.722
1.724
1.726
1.728
1.73
1.732
1.734
1.736
1.738
1.74
1.742
1.744
1.746
1.748
1.75
1.752
1.754
1.756
1.758
1.76
1.762
1.764
1.766
1.768
1.77
1.772
1.774
1.776
1.778
1.78
1.782
1.784
1.786
1.788
1.79
1.792
1.794
1.796
1.798
1.8
1.802
1.804
1.806
1.808
1.81
1.812
1.814
1.816
1.818
1.82
1.822
1.824
1.826
1.828
1.83
1.832
1.834
1.836
1.838
1.84
1.842
1.844
1.846
1.848
1.85
1.852
1.854
1.856
1.858
1.86
1.862
1.864
1.866
1.868
1.87
1.872
1.874
1.876
1.878
1.88
1.882
1.884
1.886
1.888
1.89
1.892
1.894
1.896
1.898
1.9
1.902
1.904
1.906
1.908
1.91
1.912
1.914
1.916
1.918
1.92
1.922
1.924
1.926
1.928
1.93
1.932
1.934
1.936
1.938
1.94
1.942
1.944
1.946
1.948
1.95
1.952
1.954
1.956
1.958
1.96
1.962
1.964
1.966
1.968
1.97
1.972
1.974
1.976
1.978
1.98
1.982
1.984
1.986
1.988
1.99
1.992
1.994
1.996
1.998
2
2.002
2.004
2.006
2.008
2.01
2.012
2.014
2.016
2.018
2.02
2.022
2.024
2.026
2.028
2.03
2.032
2.034
2.036
2.038
2.04
2.042
2.044
2.046
2.048
2.05
2.052
2.054
2.056
2.05799999999999
2.05999999999999
2.06199999999999
2.06399999999999
2.06599999999999
2.06799999999999
2.06999999999999
2.07199999999999
2.07399999999999
2.07599999999999
2.07799999999999
2.07999999999999
2.08199999999999
2.08399999999999
2.08599999999999
2.08799999999999
2.08999999999999
2.09199999999999
2.09399999999999
2.09599999999999
2.09799999999999
2.09999999999999
2.10199999999999
2.10399999999999
2.10599999999999
2.10799999999999
2.10999999999999
2.11199999999999
2.11399999999999
2.11599999999999
2.11799999999999
2.11999999999999
2.12199999999999
2.12399999999999
2.12599999999999
2.12799999999999
2.12999999999999
2.13199999999999
2.13399999999999
2.13599999999999
2.13799999999999
2.13999999999999
2.14199999999999
2.14399999999999
2.14599999999999
2.14799999999999
2.14999999999998
2.15199999999998
2.15399999999998
2.15599999999998
2.15799999999998
2.15999999999998
2.16199999999998
2.16399999999998
2.16599999999998
2.16799999999998
2.16999999999998
2.17199999999998
2.17399999999998
2.17599999999998
2.17799999999998
2.17999999999998
2.18199999999998
2.18399999999998
2.18599999999998
2.18799999999998
2.18999999999998
2.19199999999998
2.19399999999998
2.19599999999998
2.19799999999998
2.19999999999998
2.20199999999998
2.20399999999998
2.20599999999998
2.20799999999998
2.20999999999998
2.21199999999998
2.21399999999998
2.21599999999998
2.21799999999998
2.21999999999998
2.22199999999998
2.22399999999998
2.22599999999998
2.22799999999998
2.22999999999998
2.23199999999998
2.23399999999998
2.23599999999998
2.23799999999998
2.23999999999997
2.24199999999997
2.24399999999997
2.24599999999997
2.24799999999997
2.24999999999997
2.25199999999997
2.25399999999997
2.25599999999997
2.25799999999997
2.25999999999997
2.26199999999997
2.26399999999997
2.26599999999997
2.26799999999997
2.26999999999997
2.27199999999997
2.27399999999997
2.27599999999997
2.27799999999997
2.27999999999997
2.28199999999997
2.28399999999997
2.28599999999997
2.28799999999997
2.28999999999997
2.29199999999997
2.29399999999997
2.29599999999997
2.29799999999997
2.29999999999997
2.30199999999997
2.30399999999997
2.30599999999997
2.30799999999997
2.30999999999997
2.31199999999997
2.31399999999997
2.31599999999997
2.31799999999997
2.31999999999997
2.32199999999997
2.32399999999997
2.32599999999997
2.32799999999997
2.32999999999996
2.33199999999996
2.33399999999996
2.33599999999996
2.33799999999996
2.33999999999996
2.34199999999996
2.34399999999996
2.34599999999996
2.34799999999996
2.34999999999996
2.35199999999996
2.35399999999996
2.35599999999996
2.35799999999996
2.35999999999996
2.36199999999996
2.36399999999996
2.36599999999996
2.36799999999996
2.36999999999996
2.37199999999996
2.37399999999996
2.37599999999996
2.37799999999996
2.37999999999996
2.38199999999996
2.38399999999996
2.38599999999996
2.38799999999996
2.38999999999996
2.39199999999996
2.39399999999996
2.39599999999996
2.39799999999996
2.39999999999996
2.40199999999996
2.40399999999996
2.40599999999996
2.40799999999996
2.40999999999996
2.41199999999996
2.41399999999996
2.41599999999996
2.41799999999996
2.41999999999996
2.42199999999995
2.42399999999995
2.42599999999995
2.42799999999995
2.42999999999995
2.43199999999995
2.43399999999995
2.43599999999995
2.43799999999995
2.43999999999995
2.44199999999995
2.44399999999995
2.44599999999995
2.44799999999995
2.44999999999995
2.45199999999995
2.45399999999995
2.45599999999995
2.45799999999995
2.45999999999995
2.46199999999995
2.46399999999995
2.46599999999995
2.46799999999995
2.46999999999995
2.47199999999995
2.47399999999995
2.47599999999995
2.47799999999995
2.47999999999995
2.48199999999995
2.48399999999995
2.48599999999995
2.48799999999995
2.48999999999995
2.49199999999995
2.49399999999995
2.49599999999995
2.49799999999995
2.49999999999995
2.50199999999995
2.50399999999995
2.50599999999995
2.50799999999995
2.50999999999995
2.51199999999994
2.51399999999994
2.51599999999994
2.51799999999994
2.51999999999994
2.52199999999994
2.52399999999994
2.52599999999994
2.52799999999994
2.52999999999994
2.53199999999994
2.53399999999994
2.53599999999994
2.53799999999994
2.53999999999994
2.54199999999994
2.54399999999994
2.54599999999994
2.54799999999994
2.54999999999994
2.55199999999994
2.55399999999994
2.55599999999994
2.55799999999994
2.55999999999994
2.56199999999994
2.56399999999994
2.56599999999994
2.56799999999994
2.56999999999994
2.57199999999994
2.57399999999994
2.57599999999994
2.57799999999994
2.57999999999994
2.58199999999994
2.58399999999994
2.58599999999994
2.58799999999994
2.58999999999994
2.59199999999994
2.59399999999994
2.59599999999994
2.59799999999994
2.59999999999994
2.60199999999994
2.60399999999993
2.60599999999993
2.60799999999993
2.60999999999993
2.61199999999993
2.61399999999993
2.61599999999993
2.61799999999993
2.61999999999993
2.62199999999993
2.62399999999993
2.62599999999993
2.62799999999993
2.62999999999993
2.63199999999993
2.63399999999993
2.63599999999993
2.63799999999993
2.63999999999993
2.64199999999993
2.64399999999993
2.64599999999993
2.64799999999993
2.64999999999993
2.65199999999993
2.65399999999993
2.65599999999993
2.65799999999993
2.65999999999993
2.66199999999993
2.66399999999993
2.66599999999993
2.66799999999993
2.66999999999993
2.67199999999993
2.67399999999993
2.67599999999993
2.67799999999993
2.67999999999993
2.68199999999993
2.68399999999993
2.68599999999993
2.68799999999993
2.68999999999993
2.69199999999993
2.69399999999992
2.69599999999992
2.69799999999992
2.69999999999992
2.70199999999992
2.70399999999992
2.70599999999992
2.70799999999992
2.70999999999992
2.71199999999992
2.71399999999992
2.71599999999992
2.71799999999992
2.71999999999992
2.72199999999992
2.72399999999992
2.72599999999992
2.72799999999992
2.72999999999992
2.73199999999992
2.73399999999992
2.73599999999992
2.73799999999992
2.73999999999992
2.74199999999992
2.74399999999992
2.74599999999992
2.74799999999992
2.74999999999992
2.75199999999992
2.75399999999992
2.75599999999992
2.75799999999992
2.75999999999992
2.76199999999992
2.76399999999992
2.76599999999992
2.76799999999992
2.76999999999992
2.77199999999992
2.77399999999992
2.77599999999992
2.77799999999992
2.77999999999992
2.78199999999992
2.78399999999991
2.78599999999991
2.78799999999991
2.78999999999991
2.79199999999991
2.79399999999991
2.79599999999991
2.79799999999991
2.79999999999991
2.80199999999991
2.80399999999991
2.80599999999991
2.80799999999991
2.80999999999991
2.81199999999991
2.81399999999991
2.81599999999991
2.81799999999991
2.81999999999991
2.82199999999991
2.82399999999991
2.82599999999991
2.82799999999991
2.82999999999991
2.83199999999991
2.83399999999991
2.83599999999991
2.83799999999991
2.83999999999991
2.84199999999991
2.84399999999991
2.84599999999991
2.84799999999991
2.84999999999991
2.85199999999991
2.85399999999991
2.85599999999991
2.85799999999991
2.85999999999991
2.86199999999991
2.86399999999991
2.86599999999991
2.86799999999991
2.86999999999991
2.87199999999991
2.87399999999991
2.8759999999999
2.8779999999999
2.8799999999999
2.8819999999999
2.8839999999999
2.8859999999999
2.8879999999999
2.8899999999999
2.8919999999999
2.8939999999999
2.8959999999999
2.8979999999999
2.8999999999999
2.9019999999999
2.9039999999999
2.9059999999999
2.9079999999999
2.9099999999999
2.9119999999999
2.9139999999999
2.9159999999999
2.9179999999999
2.9199999999999
2.9219999999999
2.9239999999999
2.9259999999999
2.9279999999999
2.9299999999999
2.9319999999999
2.9339999999999
2.9359999999999
2.9379999999999
2.9399999999999
2.9419999999999
2.9439999999999
2.9459999999999
2.9479999999999
2.9499999999999
2.9519999999999
2.9539999999999
2.9559999999999
2.9579999999999
2.9599999999999
2.9619999999999
2.9639999999999
2.96599999999989
2.96799999999989
2.96999999999989
2.97199999999989
2.97399999999989
2.97599999999989
2.97799999999989
2.97999999999989
2.98199999999989
2.98399999999989
2.98599999999989
2.98799999999989
2.98999999999989
2.99199999999989
2.99399999999989
2.99599999999989
2.99799999999989
2.99999999999989
3.00199999999989
3.00399999999989
3.00599999999989
3.00799999999989
3.00999999999989
3.01199999999989
3.01399999999989
3.01599999999989
3.01799999999989
3.01999999999989
3.02199999999989
3.02399999999989
3.02599999999989
3.02799999999989
3.02999999999989
3.03199999999989
3.03399999999989
3.03599999999989
3.03799999999989
3.03999999999989
3.04199999999989
3.04399999999989
3.04599999999989
3.04799999999989
3.04999999999989
3.05199999999989
3.05399999999989
3.05599999999989
3.05799999999988
3.05999999999988
3.06199999999988
3.06399999999988
3.06599999999988
3.06799999999988
3.06999999999988
3.07199999999988
3.07399999999988
3.07599999999988
3.07799999999988
3.07999999999988
3.08199999999988
3.08399999999988
3.08599999999988
3.08799999999988
3.08999999999988
3.09199999999988
3.09399999999988
3.09599999999988
3.09799999999988
3.09999999999988
3.10199999999988
3.10399999999988
3.10599999999988
3.10799999999988
3.10999999999988
3.11199999999988
3.11399999999988
3.11599999999988
3.11799999999988
3.11999999999988
3.12199999999988
3.12399999999988
3.12599999999988
3.12799999999988
3.12999999999988
3.13199999999988
3.13399999999988
3.13599999999988
3.13799999999988
3.13999999999988
3.14199999999988
3.14399999999988
3.14599999999988
3.14799999999987
3.14999999999987
3.15199999999987
3.15399999999987
3.15599999999987
3.15799999999987
3.15999999999987
3.16199999999987
3.16399999999987
3.16599999999987
3.16799999999987
3.16999999999987
3.17199999999987
3.17399999999987
3.17599999999987
3.17799999999987
3.17999999999987
3.18199999999987
3.18399999999987
3.18599999999987
3.18799999999987
3.18999999999987
3.19199999999987
3.19399999999987
3.19599999999987
3.19799999999987
3.19999999999987
3.20199999999987
3.20399999999987
3.20599999999987
3.20799999999987
3.20999999999987
3.21199999999987
3.21399999999987
3.21599999999987
3.21799999999987
3.21999999999987
3.22199999999987
3.22399999999987
3.22599999999987
3.22799999999987
3.22999999999987
3.23199999999987
3.23399999999987
3.23599999999987
3.23799999999986
3.23999999999986
3.24199999999986
3.24399999999986
3.24599999999986
3.24799999999986
3.24999999999986
3.25199999999986
3.25399999999986
3.25599999999986
3.25799999999986
3.25999999999986
3.26199999999986
3.26399999999986
3.26599999999986
3.26799999999986
3.26999999999986
3.27199999999986
3.27399999999986
3.27599999999986
3.27799999999986
3.27999999999986
3.28199999999986
3.28399999999986
3.28599999999986
3.28799999999986
3.28999999999986
3.29199999999986
3.29399999999986
3.29599999999986
3.29799999999986
3.29999999999986
3.30199999999986
3.30399999999986
3.30599999999986
3.30799999999986
3.30999999999986
3.31199999999986
3.31399999999986
3.31599999999986
3.31799999999986
3.31999999999986
3.32199999999986
3.32399999999986
3.32599999999986
3.32799999999986
3.32999999999985
3.33199999999985
3.33399999999985
3.33599999999985
3.33799999999985
3.33999999999985
3.34199999999985
3.34399999999985
3.34599999999985
3.34799999999985
3.34999999999985
3.35199999999985
3.35399999999985
3.35599999999985
3.35799999999985
3.35999999999985
3.36199999999985
3.36399999999985
3.36599999999985
3.36799999999985
3.36999999999985
3.37199999999985
3.37399999999985
3.37599999999985
3.37799999999985
3.37999999999985
3.38199999999985
3.38399999999985
3.38599999999985
3.38799999999985
3.38999999999985
3.39199999999985
3.39399999999985
3.39599999999985
3.39799999999985
3.39999999999985
3.40199999999985
3.40399999999985
3.40599999999985
3.40799999999985
3.40999999999985
3.41199999999985
3.41399999999985
3.41599999999985
3.41799999999985
3.41999999999984
3.42199999999984
3.42399999999984
3.42599999999984
3.42799999999984
3.42999999999984
3.43199999999984
3.43399999999984
3.43599999999984
3.43799999999984
3.43999999999984
3.44199999999984
3.44399999999984
3.44599999999984
3.44799999999984
3.44999999999984
3.45199999999984
3.45399999999984
3.45599999999984
3.45799999999984
3.45999999999984
3.46199999999984
3.46399999999984
3.46599999999984
3.46799999999984
3.46999999999984
3.47199999999984
3.47399999999984
3.47599999999984
3.47799999999984
3.47999999999984
3.48199999999984
3.48399999999984
3.48599999999984
3.48799999999984
3.48999999999984
3.49199999999984
3.49399999999984
3.49599999999984
3.49799999999984
3.49999999999984
3.50199999999984
3.50399999999984
3.50599999999984
3.50799999999984
3.50999999999984
3.51199999999983
3.51399999999983
3.51599999999983
3.51799999999983
3.51999999999983
3.52199999999983
3.52399999999983
3.52599999999983
3.52799999999983
3.52999999999983
3.53199999999983
3.53399999999983
3.53599999999983
3.53799999999983
3.53999999999983
3.54199999999983
3.54399999999983
3.54599999999983
3.54799999999983
3.54999999999983
3.55199999999983
3.55399999999983
3.55599999999983
3.55799999999983
3.55999999999983
3.56199999999983
3.56399999999983
3.56599999999983
3.56799999999983
3.56999999999983
3.57199999999983
3.57399999999983
3.57599999999983
3.57799999999983
3.57999999999983
3.58199999999983
3.58399999999983
3.58599999999983
3.58799999999983
3.58999999999983
3.59199999999983
3.59399999999983
3.59599999999983
3.59799999999983
3.59999999999983
3.60199999999982
3.60399999999982
3.60599999999982
3.60799999999982
3.60999999999982
3.61199999999982
3.61399999999982
3.61599999999982
3.61799999999982
3.61999999999982
3.62199999999982
3.62399999999982
3.62599999999982
3.62799999999982
3.62999999999982
3.63199999999982
3.63399999999982
3.63599999999982
3.63799999999982
3.63999999999982
3.64199999999982
3.64399999999982
3.64599999999982
3.64799999999982
3.64999999999982
3.65199999999982
3.65399999999982
3.65599999999982
3.65799999999982
3.65999999999982
3.66199999999982
3.66399999999982
3.66599999999982
3.66799999999982
3.66999999999982
3.67199999999982
3.67399999999982
3.67599999999982
3.67799999999982
3.67999999999982
3.68199999999982
3.68399999999982
3.68599999999982
3.68799999999982
3.68999999999982
3.69199999999981
3.69399999999981
3.69599999999981
3.69799999999981
3.69999999999981
3.70199999999981
3.70399999999981
3.70599999999981
3.70799999999981
3.70999999999981
3.71199999999981
3.71399999999981
3.71599999999981
3.71799999999981
3.71999999999981
3.72199999999981
3.72399999999981
3.72599999999981
3.72799999999981
3.72999999999981
3.73199999999981
3.73399999999981
3.73599999999981
3.73799999999981
3.73999999999981
3.74199999999981
3.74399999999981
3.74599999999981
3.74799999999981
3.74999999999981
3.75199999999981
3.75399999999981
3.75599999999981
3.75799999999981
3.75999999999981
3.76199999999981
3.76399999999981
3.76599999999981
3.76799999999981
3.76999999999981
3.77199999999981
3.77399999999981
3.77599999999981
3.77799999999981
3.77999999999981
3.78199999999981
3.7839999999998
3.7859999999998
3.7879999999998
3.7899999999998
3.7919999999998
3.7939999999998
3.7959999999998
3.7979999999998
3.7999999999998
3.8019999999998
3.8039999999998
3.8059999999998
3.8079999999998
3.8099999999998
3.8119999999998
3.8139999999998
3.8159999999998
3.8179999999998
3.8199999999998
3.8219999999998
3.8239999999998
3.8259999999998
3.8279999999998
3.8299999999998
3.8319999999998
3.8339999999998
3.8359999999998
3.8379999999998
3.8399999999998
3.8419999999998
3.8439999999998
3.8459999999998
3.8479999999998
3.8499999999998
3.8519999999998
3.8539999999998
3.8559999999998
3.8579999999998
3.8599999999998
3.8619999999998
3.8639999999998
3.8659999999998
3.8679999999998
3.8699999999998
3.8719999999998
3.87399999999979
3.87599999999979
3.87799999999979
3.87999999999979
3.88199999999979
3.88399999999979
3.88599999999979
3.88799999999979
3.88999999999979
3.89199999999979
3.89399999999979
3.89599999999979
3.89799999999979
3.89999999999979
3.90199999999979
3.90399999999979
3.90599999999979
3.90799999999979
3.90999999999979
3.91199999999979
3.91399999999979
3.91599999999979
3.91799999999979
3.91999999999979
3.92199999999979
3.92399999999979
3.92599999999979
3.92799999999979
3.92999999999979
3.93199999999979
3.93399999999979
3.93599999999979
3.93799999999979
3.93999999999979
3.94199999999979
3.94399999999979
3.94599999999979
3.94799999999979
3.94999999999979
3.95199999999979
3.95399999999979
3.95599999999979
3.95799999999979
3.95999999999979
3.96199999999979
3.96399999999979
3.96599999999978
3.96799999999978
3.96999999999978
3.97199999999978
3.97399999999978
3.97599999999978
3.97799999999978
3.97999999999978
3.98199999999978
3.98399999999978
3.98599999999978
3.98799999999978
3.98999999999978
3.99199999999978
3.99399999999978
3.99599999999978
3.99799999999978
3.99999999999978
4.00199999999978
4.00399999999978
4.00599999999978
4.00799999999978
4.00999999999978
4.01199999999978
4.01399999999978
4.01599999999978
4.01799999999978
4.01999999999978
4.02199999999978
4.02399999999978
4.02599999999978
4.02799999999978
4.02999999999978
4.03199999999978
4.03399999999978
4.03599999999978
4.03799999999978
4.03999999999978
4.04199999999978
4.04399999999978
4.04599999999978
4.04799999999978
4.04999999999978
4.05199999999978
4.05399999999978
4.05599999999978
4.05799999999978
4.05999999999977
4.06199999999977
4.06399999999977
4.06599999999977
4.06799999999977
4.06999999999977
4.07199999999977
4.07399999999977
4.07599999999977
4.07799999999977
4.07999999999977
4.08199999999977
4.08399999999977
4.08599999999977
4.08799999999977
4.08999999999977
4.09199999999977
4.09399999999977
4.09599999999977
4.09799999999977
4.09999999999977
4.10199999999977
4.10399999999977
4.10599999999977
4.10799999999977
4.10999999999977
4.11199999999977
4.11399999999977
4.11599999999977
4.11799999999977
4.11999999999977
4.12199999999977
4.12399999999977
4.12599999999977
4.12799999999977
4.12999999999977
4.13199999999977
4.13399999999977
4.13599999999977
4.13799999999977
4.13999999999977
4.14199999999977
4.14399999999977
4.14599999999977
4.14799999999977
4.14999999999976
4.15199999999976
4.15399999999976
4.15599999999976
4.15799999999976
4.15999999999976
4.16199999999976
4.16399999999976
4.16599999999976
4.16799999999976
4.16999999999976
4.17199999999976
4.17399999999976
4.17599999999976
4.17799999999976
4.17999999999976
4.18199999999976
4.18399999999976
4.18599999999976
4.18799999999976
4.18999999999976
4.19199999999976
4.19399999999976
4.19599999999976
4.19799999999976
4.19999999999976
4.20199999999976
4.20399999999976
4.20599999999976
4.20799999999976
4.20999999999976
4.21199999999976
4.21399999999976
4.21599999999976
4.21799999999976
4.21999999999976
4.22199999999976
4.22399999999976
4.22599999999976
4.22799999999976
4.22999999999976
4.23199999999976
4.23399999999976
4.23599999999976
4.23799999999976
4.23999999999976
4.24199999999975
4.24399999999975
4.24599999999975
4.24799999999975
4.24999999999975
4.25199999999975
4.25399999999975
4.25599999999975
4.25799999999975
4.25999999999975
4.26199999999975
4.26399999999975
4.26599999999975
4.26799999999975
4.26999999999975
4.27199999999975
4.27399999999975
4.27599999999975
4.27799999999975
4.27999999999975
4.28199999999975
4.28399999999975
4.28599999999975
4.28799999999975
4.28999999999975
4.29199999999975
4.29399999999975
4.29599999999975
4.29799999999975
4.29999999999975
4.30199999999975
4.30399999999975
4.30599999999975
4.30799999999975
4.30999999999975
4.31199999999975
4.31399999999975
4.31599999999975
4.31799999999975
4.31999999999975
4.32199999999975
4.32399999999975
4.32599999999975
4.32799999999975
4.32999999999975
4.33199999999974
4.33399999999974
4.33599999999974
4.33799999999974
4.33999999999974
4.34199999999974
4.34399999999974
4.34599999999974
4.34799999999974
4.34999999999974
4.35199999999974
4.35399999999974
4.35599999999974
4.35799999999974
4.35999999999974
4.36199999999974
4.36399999999974
4.36599999999974
4.36799999999974
4.36999999999974
4.37199999999974
4.37399999999974
4.37599999999974
4.37799999999974
4.37999999999974
4.38199999999974
4.38399999999974
4.38599999999974
4.38799999999974
4.38999999999974
4.39199999999974
4.39399999999974
4.39599999999974
4.39799999999974
4.39999999999974
4.40199999999974
4.40399999999974
4.40599999999974
4.40799999999974
4.40999999999974
4.41199999999974
4.41399999999974
4.41599999999974
4.41799999999974
4.41999999999974
4.42199999999974
4.42399999999973
4.42599999999973
4.42799999999973
4.42999999999973
4.43199999999973
4.43399999999973
4.43599999999973
4.43799999999973
4.43999999999973
4.44199999999973
4.44399999999973
4.44599999999973
4.44799999999973
4.44999999999973
4.45199999999973
4.45399999999973
4.45599999999973
4.45799999999973
4.45999999999973
4.46199999999973
4.46399999999973
4.46599999999973
4.46799999999973
4.46999999999973
4.47199999999973
4.47399999999973
4.47599999999973
4.47799999999973
4.47999999999973
4.48199999999973
4.48399999999973
4.48599999999973
4.48799999999973
4.48999999999973
4.49199999999973
4.49399999999973
4.49599999999973
4.49799999999973
4.49999999999973
4.50199999999973
4.50399999999973
4.50599999999973
4.50799999999973
4.50999999999973
4.51199999999973
4.51399999999972
4.51599999999972
4.51799999999972
4.51999999999972
4.52199999999972
4.52399999999972
4.52599999999972
4.52799999999972
4.52999999999972
4.53199999999972
4.53399999999972
4.53599999999972
4.53799999999972
4.53999999999972
4.54199999999972
4.54399999999972
4.54599999999972
4.54799999999972
4.54999999999972
4.55199999999972
4.55399999999972
4.55599999999972
4.55799999999972
4.55999999999972
4.56199999999972
4.56399999999972
4.56599999999972
4.56799999999972
4.56999999999972
4.57199999999972
4.57399999999972
4.57599999999972
4.57799999999972
4.57999999999972
4.58199999999972
4.58399999999972
4.58599999999972
4.58799999999972
4.58999999999972
4.59199999999972
4.59399999999972
4.59599999999972
4.59799999999972
4.59999999999972
4.60199999999972
4.60399999999971
4.60599999999971
4.60799999999971
4.60999999999971
4.61199999999971
4.61399999999971
4.61599999999971
4.61799999999971
4.61999999999971
4.62199999999971
4.62399999999971
4.62599999999971
4.62799999999971
4.62999999999971
4.63199999999971
4.63399999999971
4.63599999999971
4.63799999999971
4.63999999999971
4.64199999999971
4.64399999999971
4.64599999999971
4.64799999999971
4.64999999999971
4.65199999999971
4.65399999999971
4.65599999999971
4.65799999999971
4.65999999999971
4.66199999999971
4.66399999999971
4.66599999999971
4.66799999999971
4.66999999999971
4.67199999999971
4.67399999999971
4.67599999999971
4.67799999999971
4.67999999999971
4.68199999999971
4.68399999999971
4.68599999999971
4.68799999999971
4.68999999999971
4.69199999999971
4.69399999999971
4.6959999999997
4.6979999999997
4.6999999999997
4.7019999999997
4.7039999999997
4.7059999999997
4.7079999999997
4.7099999999997
4.7119999999997
4.7139999999997
4.7159999999997
4.7179999999997
4.7199999999997
4.7219999999997
4.7239999999997
4.7259999999997
4.7279999999997
4.7299999999997
4.7319999999997
4.7339999999997
4.7359999999997
4.7379999999997
4.7399999999997
4.7419999999997
4.7439999999997
4.7459999999997
4.7479999999997
4.7499999999997
4.7519999999997
4.7539999999997
4.7559999999997
4.7579999999997
4.7599999999997
4.7619999999997
4.7639999999997
4.7659999999997
4.7679999999997
4.7699999999997
4.7719999999997
4.7739999999997
4.7759999999997
4.7779999999997
4.7799999999997
4.7819999999997
4.7839999999997
4.78599999999969
4.78799999999969
4.78999999999969
4.79199999999969
4.79399999999969
4.79599999999969
4.79799999999969
4.79999999999969
4.80199999999969
4.80399999999969
4.80599999999969
4.80799999999969
4.80999999999969
4.81199999999969
4.81399999999969
4.81599999999969
4.81799999999969
4.81999999999969
4.82199999999969
4.82399999999969
4.82599999999969
4.82799999999969
4.82999999999969
4.83199999999969
4.83399999999969
4.83599999999969
4.83799999999969
4.83999999999969
4.84199999999969
4.84399999999969
4.84599999999969
4.84799999999969
4.84999999999969
4.85199999999969
4.85399999999969
4.85599999999969
4.85799999999969
4.85999999999969
4.86199999999969
4.86399999999969
4.86599999999969
4.86799999999969
4.86999999999969
4.87199999999969
4.87399999999969
4.87599999999969
4.87799999999968
4.87999999999968
4.88199999999968
4.88399999999968
4.88599999999968
4.88799999999968
4.88999999999968
4.89199999999968
4.89399999999968
4.89599999999968
4.89799999999968
4.89999999999968
4.90199999999968
4.90399999999968
4.90599999999968
4.90799999999968
4.90999999999968
4.91199999999968
4.91399999999968
4.91599999999968
4.91799999999968
4.91999999999968
4.92199999999968
4.92399999999968
4.92599999999968
4.92799999999968
4.92999999999968
4.93199999999968
4.93399999999968
4.93599999999968
4.93799999999968
4.93999999999968
4.94199999999968
4.94399999999968
4.94599999999968
4.94799999999968
4.94999999999968
4.95199999999968
4.95399999999968
4.95599999999968
4.95799999999968
4.95999999999968
4.96199999999968
4.96399999999968
4.96599999999968
4.96799999999967
4.96999999999967
4.97199999999967
4.97399999999967
4.97599999999967
4.97799999999967
4.97999999999967
4.98199999999967
4.98399999999967
4.98599999999967
4.98799999999967
4.98999999999967
4.99199999999967
4.99399999999967
4.99599999999967
4.99799999999967
4.99999999999967
5.00199999999967
